file	tRNA	species	counts	tRNAPer	locMajorityCovg
SRR12344554_trim_joined.fastq.hq_cs.mapped	Gly-GCC-2-6	tRH-5'	723919	87.491	0,1,2,3,4,5,6,7,8,9,10,11,12,13,14,15,16,17,18,19,20,21,22,23,24,25,26,27,28,29,
SRR12344554_trim_joined.fastq.hq_cs.mapped	Gly-GCC-3-1	tRH-5'	723676	87.491	0,1,2,3,4,5,6,7,8,9,10,11,12,13,14,15,16,17,18,19,20,21,22,23,24,25,26,27,28,29,
SRR12344554_trim_joined.fastq.hq_cs.mapped	Gly-GCC-5-1	tRH-5'	723248	87.490	0,1,2,3,4,5,6,7,8,9,10,11,12,13,14,15,16,17,18,19,20,21,22,23,24,25,26,27,28,29,
SRR12344554_trim_joined.fastq.hq_cs.mapped	Gly-CCC-1-2	tRH-5'	722150	87.357	0,1,2,3,4,5,6,7,8,9,10,11,12,13,14,15,16,17,18,19,20,21,22,23,24,25,26,27,28,29,
SRR12344554_trim_joined.fastq.hq_cs.mapped	Val-CAC-5-1	tRH-5'	38587	4.425	0,1,2,3,4,5,6,7,8,9,10,11,12,13,14,15,16,17,18,19,20,21,22,23,24,25,26,27,28,29,30,31,32,
SRR12344554_trim_joined.fastq.hq_cs.mapped	Val-CAC-1-6	tRH-5'	38587	4.425	0,1,2,3,4,5,6,7,8,9,10,11,12,13,14,15,16,17,18,19,20,21,22,23,24,25,26,27,28,29,30,31,32,
SRR12344554_trim_joined.fastq.hq_cs.mapped	Val-AAC-4-1	tRH-5'	38085	4.365	0,1,2,3,4,5,6,7,8,9,10,11,12,13,14,15,16,17,18,19,20,21,22,23,24,25,26,27,28,29,30,31,32,
SRR12344554_trim_joined.fastq.hq_cs.mapped	Val-AAC-1-5	tRH-5'	38085	4.365	0,1,2,3,4,5,6,7,8,9,10,11,12,13,14,15,16,17,18,19,20,21,22,23,24,25,26,27,28,29,30,31,32,
SRR12344554_trim_joined.fastq.hq_cs.mapped	Val-CAC-4-1	tRH-5'	36576	4.425	0,1,2,3,4,5,6,7,8,9,10,11,12,13,14,15,16,17,18,19,20,21,22,23,24,25,26,27,28,29,30,31,32,
SRR12344554_trim_joined.fastq.hq_cs.mapped	Val-AAC-3-1	tRH-5'	36074	4.365	0,1,2,3,4,5,6,7,8,9,10,11,12,13,14,15,16,17,18,19,20,21,22,23,24,25,26,27,28,29,30,31,32,
SRR12344554_trim_joined.fastq.hq_cs.mapped	Glu-CTC-1-7	tRH-5'	21412	2.591	0,1,2,3,4,5,6,7,8,9,10,11,12,13,14,15,16,17,18,19,20,21,22,23,24,25,26,27,28,29,30,31,
SRR12344554_trim_joined.fastq.hq_cs.mapped	Glu-CTC-2-1	tRH-5'	20219	2.446	0,1,2,3,4,5,6,7,8,9,10,11,12,13,14,15,16,17,18,19,20,21,22,23,24,25,26,27,28,29,30,31,
SRR12344554_trim_joined.fastq.hq_cs.mapped	Gly-GCC-1-5	tRH-5'	15712	1.901	0,1,2,3,4,5,6,7,8,9,10,11,12,13,14,15,16,17,18,19,20,21,22,23,24,25,26,27,28,29,
SRR12344554_trim_joined.fastq.hq_cs.mapped	Lys-TTT-3-5	tRH-5'	9082	1.085	0,1,2,3,4,5,6,7,8,9,10,11,12,13,14,15,16,17,18,19,20,21,22,23,24,25,26,27,28,29,30,31,
SRR12344554_trim_joined.fastq.hq_cs.mapped	Lys-TTT-5-1	tRH-5'	8964	1.085	0,1,2,3,4,5,6,7,8,9,10,11,12,13,14,15,16,17,18,19,20,21,22,23,24,25,26,27,28,29,30,31,
SRR12344554_trim_joined.fastq.hq_cs.mapped	Glu-TTC-9-1	tRH-5'	8929	1.080	0,1,2,3,4,5,6,7,8,9,10,11,12,13,14,15,16,17,18,19,20,21,22,23,24,25,26,27,
SRR12344554_trim_joined.fastq.hq_cs.mapped	Val-CAC-8-1	tRH-5'	8648	1.046	0,1,2,3,4,5,6,7,8,9,10,11,12,13,14,15,16,17,18,19,20,21,22,23,24,25,26,27,
SRR12344554_trim_joined.fastq.hq_cs.mapped	Gly-CCC-6-1	tRH-5'	8648	1.046	0,1,2,3,4,5,6,7,8,9,10,11,12,13,14,15,16,17,18,19,20,21,22,23,24,25,26,27,
SRR12344554_trim_joined.fastq.hq_cs.mapped	iMet-CAT-2-1	tRH-5'	6709	0.812	0,1,2,3,4,5,6,7,8,9,10,11,12,13,14,15,16,17,18,19,20,21,22,23,24,25,26,27,28,29,30,
SRR12344554_trim_joined.fastq.hq_cs.mapped	iMet-CAT-1-8	tRH-5'	6709	0.812	0,1,2,3,4,5,6,7,8,9,10,11,12,13,14,15,16,17,18,19,20,21,22,23,24,25,26,27,28,29,30,
SRR12344554_trim_joined.fastq.hq_cs.mapped	Pro-AGG-1-1	tRH-5'	4278	0.426	0,1,2,3,4,5,6,7,8,9,10,11,12,13,14,15,16,17,18,19,20,21,22,23,24,25,26,27,28,
SRR12344554_trim_joined.fastq.hq_cs.mapped	Lys-CTT-4-1	tRH-5'	2838	0.343	0,1,2,3,4,5,6,7,8,9,10,11,12,13,14,15,16,17,18,19,20,21,22,23,24,25,26,27,28,29,30,31,
SRR12344554_trim_joined.fastq.hq_cs.mapped	Lys-CTT-1-2	tRH-5'	2838	0.343	0,1,2,3,4,5,6,7,8,9,10,11,12,13,14,15,16,17,18,19,20,21,22,23,24,25,26,27,28,29,30,31,
SRR12344554_trim_joined.fastq.hq_cs.mapped	Val-AAC-2-1	tRF-3'	2812	0.243	59,60,61,62,63,64,65,66,67,68,69,70,71,72,73,74,75,
SRR12344554_trim_joined.fastq.hq_cs.mapped	Pro-CGG-2-1	tRH-5'	2674	0.232	0,1,2,3,4,5,6,7,8,9,10,11,12,13,14,15,16,17,18,19,20,21,22,23,24,25,26,27,28,29,
SRR12344554_trim_joined.fastq.hq_cs.mapped	Pro-TGG-3-5	tRH-5'	2674	0.232	0,1,2,3,4,5,6,7,8,9,10,11,12,13,14,15,16,17,18,19,20,21,22,23,24,25,26,27,28,29,
SRR12344554_trim_joined.fastq.hq_cs.mapped	Pro-CGG-1-3	tRH-5'	2674	0.232	0,1,2,3,4,5,6,7,8,9,10,11,12,13,14,15,16,17,18,19,20,21,22,23,24,25,26,27,28,29,
SRR12344554_trim_joined.fastq.hq_cs.mapped	Pro-AGG-2-8	tRH-5'	2674	0.232	0,1,2,3,4,5,6,7,8,9,10,11,12,13,14,15,16,17,18,19,20,21,22,23,24,25,26,27,28,29,
SRR12344554_trim_joined.fastq.hq_cs.mapped	His-GTG-1-9	tRH-DA	1918	0.232	1,2,3,4,5,6,7,8,9,10,11,12,13,14,15,16,17,18,19,20,21,22,23,24,25,26,27,28,29,
SRR12344554_trim_joined.fastq.hq_cs.mapped	Pro-TGG-2-1	Undefined	1720	0.116	0,1,2,3,4,5,6,7,8,9,10,11,12,13,14,15,16,17,18,19,20,21,22,23,24,25,
SRR12344554_trim_joined.fastq.hq_cs.mapped	Val-CAC-2-1	tRH-5'	1132	0.137	0,1,2,3,4,5,6,7,8,9,10,11,12,13,14,15,16,17,18,19,20,21,22,23,24,25,26,27,28,29,30,31,32,
SRR12344554_trim_joined.fastq.hq_cs.mapped	Leu-CAG-1-7	tRF-5'	1084	0.115	0,1,2,3,4,5,6,7,8,9,10,11,12,13,14,15,16,17,18,19,20,21,22,23,24,25,
SRR12344554_trim_joined.fastq.hq_cs.mapped	Leu-CAG-2-2	tRF-5'	1084	0.115	0,1,2,3,4,5,6,7,8,9,10,11,12,13,14,15,16,17,18,19,20,21,22,23,24,25,
SRR12344554_trim_joined.fastq.hq_cs.mapped	Lys-CTT-6-1	tRF-DA	1055	0.128	15,16,17,18,19,20,21,22,23,24,25,26,27,28,29,30,31,
SRR12344554_trim_joined.fastq.hq_cs.mapped	Glu-TTC-2-2	tRH-5'	1012	0.122	0,1,2,3,4,5,6,7,8,9,10,11,12,13,14,15,16,17,18,19,20,21,22,23,24,25,26,27,28,29,30,31,32,
SRR12344554_trim_joined.fastq.hq_cs.mapped	Pro-TGG-1-1	tRF-3'	970	0.092	57,58,59,60,61,62,63,64,65,66,67,68,69,70,71,72,73,74,
SRR12344554_trim_joined.fastq.hq_cs.mapped	Lys-CTT-2-5	tRH-5'	795	0.096	0,1,2,3,4,5,6,7,8,9,10,11,12,13,14,15,16,17,18,19,20,21,22,23,24,25,26,27,28,29,30,31,
SRR12344554_trim_joined.fastq.hq_cs.mapped	Pro-AGG-3-1	tRF-3'	759	0.092	64,65,66,67,68,69,70,71,72,73,74,75,76,77,78,79,80,81,
SRR12344554_trim_joined.fastq.hq_cs.mapped	Gly-CCC-2-2	Undefined	710	0.053	52,53,54,55,56,57,58,59,60,61,62,63,64,65,66,67,68,69,70,71,72,73,
SRR12344554_trim_joined.fastq.hq_cs.mapped	Ala-AGC-11-1	tRF-DA	675	0.082	16,17,18,19,20,21,22,23,24,25,26,27,28,29,30,
SRR12344554_trim_joined.fastq.hq_cs.mapped	Ala-AGC-8-2	tRF-DA	675	0.082	16,17,18,19,20,21,22,23,24,25,26,27,28,29,30,
SRR12344554_trim_joined.fastq.hq_cs.mapped	Gly-CCC-5-1	tRF-DA	669	0.081	12,13,14,15,16,17,18,19,20,21,22,23,24,25,26,27,28,29,
SRR12344554_trim_joined.fastq.hq_cs.mapped	Lys-TTT-6-1	tRF-D	655	0.079	13,14,15,16,17,18,19,20,21,22,23,24,25,26,27,
SRR12344554_trim_joined.fastq.hq_cs.mapped	Lys-TTT-4-1	tRF-D	655	0.079	13,14,15,16,17,18,19,20,21,22,23,24,25,26,27,
SRR12344554_trim_joined.fastq.hq_cs.mapped	Glu-CTC-12-1	tRF-DA	429	0.052	15,16,17,18,19,20,21,22,23,24,25,26,27,28,29,30,31,32,33,34,35,36,37,38,39,40,41,
SRR12344554_trim_joined.fastq.hq_cs.mapped	Lys-CTT-3-1	tRH-5'	416	0.050	0,1,2,3,4,5,6,7,8,9,10,11,12,13,14,15,16,17,18,19,20,21,22,23,24,25,26,27,28,29,30,31,
SRR12344554_trim_joined.fastq.hq_cs.mapped	Ala-AGC-15-1	tRF-DA	415	0.050	16,17,18,19,20,21,22,23,24,25,26,27,28,29,30,
SRR12344554_trim_joined.fastq.hq_cs.mapped	Val-CAC-3-1	Undefined	399	0.031	0,1,2,3,4,5,6,7,8,9,10,11,12,13,14,15,16,17,18,19,20,21,22,23,24,25,26,27,28,29,30,31,32,
SRR12344554_trim_joined.fastq.hq_cs.mapped	Ala-AGC-7-1	tRH-5'	335	0.041	0,1,2,3,4,5,6,7,8,9,10,11,12,13,14,15,16,17,18,19,20,21,22,23,24,25,26,27,28,29,
SRR12344554_trim_joined.fastq.hq_cs.mapped	Ala-AGC-3-1	tRH-5'	335	0.041	0,1,2,3,4,5,6,7,8,9,10,11,12,13,14,15,16,17,18,19,20,21,22,23,24,25,26,27,28,29,
SRR12344554_trim_joined.fastq.hq_cs.mapped	Ala-AGC-2-2	tRH-5'	335	0.041	0,1,2,3,4,5,6,7,8,9,10,11,12,13,14,15,16,17,18,19,20,21,22,23,24,25,26,27,28,29,
SRR12344554_trim_joined.fastq.hq_cs.mapped	Ala-CGC-4-1	tRH-5'	335	0.041	0,1,2,3,4,5,6,7,8,9,10,11,12,13,14,15,16,17,18,19,20,21,22,23,24,25,26,27,28,29,
SRR12344554_trim_joined.fastq.hq_cs.mapped	Ala-AGC-5-1	tRH-5'	335	0.041	0,1,2,3,4,5,6,7,8,9,10,11,12,13,14,15,16,17,18,19,20,21,22,23,24,25,26,27,28,29,
SRR12344554_trim_joined.fastq.hq_cs.mapped	Lys-TTT-10-1	tRF-A	315	0.038	23,24,25,26,27,28,29,30,31,32,33,34,35,36,37,
SRR12344554_trim_joined.fastq.hq_cs.mapped	Lys-TTT-14-1	tRF-A	315	0.038	23,24,25,26,27,28,29,30,31,32,33,34,35,36,37,
SRR12344554_trim_joined.fastq.hq_cs.mapped	Lys-TTT-2-1	tRF-A	315	0.038	23,24,25,26,27,28,29,30,31,32,33,34,35,36,37,
SRR12344554_trim_joined.fastq.hq_cs.mapped	Lys-TTT-8-1	tRF-A	315	0.038	23,24,25,26,27,28,29,30,31,32,33,34,35,36,37,
SRR12344554_trim_joined.fastq.hq_cs.mapped	Lys-TTT-12-1	tRF-A	315	0.038	23,24,25,26,27,28,29,30,31,32,33,34,35,36,37,
SRR12344554_trim_joined.fastq.hq_cs.mapped	Lys-TTT-11-1	tRF-A	315	0.038	23,24,25,26,27,28,29,30,31,32,33,34,35,36,37,
SRR12344554_trim_joined.fastq.hq_cs.mapped	Lys-TTT-1-1	tRF-A	315	0.038	23,24,25,26,27,28,29,30,31,32,33,34,35,36,37,
SRR12344554_trim_joined.fastq.hq_cs.mapped	Ala-CGC-3-1	tRH-5'	292	0.035	0,1,2,3,4,5,6,7,8,9,10,11,12,13,14,15,16,17,18,19,20,21,22,23,24,25,26,27,
SRR12344554_trim_joined.fastq.hq_cs.mapped	Gly-CCC-4-1	tRF-DA	260	0.031	13,14,15,16,17,18,19,20,21,22,23,24,25,26,27,28,29,
SRR12344554_trim_joined.fastq.hq_cs.mapped	Glu-TTC-3-1	tRH-5'	260	0.031	0,1,2,3,4,5,6,7,8,9,10,11,12,13,14,15,16,17,18,19,20,21,22,23,24,25,26,27,28,29,30,
SRR12344554_trim_joined.fastq.hq_cs.mapped	Glu-TTC-4-2	tRH-5'	260	0.031	0,1,2,3,4,5,6,7,8,9,10,11,12,13,14,15,16,17,18,19,20,21,22,23,24,25,26,27,28,29,30,
SRR12344554_trim_joined.fastq.hq_cs.mapped	Glu-TTC-8-1	tRH-5'	260	0.031	0,1,2,3,4,5,6,7,8,9,10,11,12,13,14,15,16,17,18,19,20,21,22,23,24,25,26,27,28,29,30,
SRR12344554_trim_joined.fastq.hq_cs.mapped	Ser-GCT-1-1	tRF-3'	258	0.031	64,65,66,67,68,69,70,71,72,73,74,75,76,77,78,79,80,81,82,83,84,
SRR12344554_trim_joined.fastq.hq_cs.mapped	Val-TAC-4-1	tRH-5'	258	0.031	0,1,2,3,4,5,6,7,8,9,10,11,12,13,14,15,16,17,18,19,20,21,22,23,24,25,26,27,28,29,30,31,32,
SRR12344554_trim_joined.fastq.hq_cs.mapped	Cys-GCA-11-1	tRF-5'	216	0.026	0,1,2,3,4,5,6,7,8,9,10,11,12,13,14,15,
SRR12344554_trim_joined.fastq.hq_cs.mapped	Arg-TCT-1-1	tRH-5'	213	0.026	0,1,2,3,4,5,6,7,8,9,10,11,12,13,14,15,16,17,18,19,20,21,22,23,24,25,26,27,28,29,30,31,
SRR12344554_trim_joined.fastq.hq_cs.mapped	Pro-TGG-4-1	tRF-DA	211	0.026	16,17,18,19,20,21,22,23,24,25,26,27,28,29,
SRR12344554_trim_joined.fastq.hq_cs.mapped	Gln-CTG-1-5	tRF-AT	208	0.025	33,34,35,36,37,38,39,40,41,42,43,44,45,46,47,48,49,50,51,52,
SRR12344554_trim_joined.fastq.hq_cs.mapped	Gln-CTG-6-1	tRF-AT	208	0.025	33,34,35,36,37,38,39,40,41,42,43,44,45,46,47,48,49,50,51,52,
SRR12344554_trim_joined.fastq.hq_cs.mapped	Gln-CTG-4-2	tRF-AT	208	0.025	33,34,35,36,37,38,39,40,41,42,43,44,45,46,47,48,49,50,51,52,
SRR12344554_trim_joined.fastq.hq_cs.mapped	Gln-CTG-3-2	tRF-AT	208	0.025	33,34,35,36,37,38,39,40,41,42,43,44,45,46,47,48,49,50,51,52,
SRR12344554_trim_joined.fastq.hq_cs.mapped	Gln-CTG-2-1	tRF-AT	208	0.025	33,34,35,36,37,38,39,40,41,42,43,44,45,46,47,48,49,50,51,52,
SRR12344554_trim_joined.fastq.hq_cs.mapped	Thr-CGT-6-1	tRF-DA	204	0.025	15,16,17,18,19,20,21,22,23,24,25,26,27,28,29,30,
SRR12344554_trim_joined.fastq.hq_cs.mapped	Lys-CTT-16-1	tRF-DA	196	0.024	17,18,19,20,21,22,23,24,25,26,27,28,29,30,31,
SRR12344554_trim_joined.fastq.hq_cs.mapped	Glu-CTC-9-1	tRF-5'	195	0.024	0,1,2,3,4,5,6,7,8,9,10,11,12,13,14,
SRR12344554_trim_joined.fastq.hq_cs.mapped	Arg-CCT-1-1	tRF-D	163	0.020	11,12,13,14,15,16,17,18,19,20,21,22,23,24,25,26,27,28,
SRR12344554_trim_joined.fastq.hq_cs.mapped	Arg-CCT-2-1	tRF-D	163	0.020	11,12,13,14,15,16,17,18,19,20,21,22,23,24,25,26,27,28,
SRR12344554_trim_joined.fastq.hq_cs.mapped	Ala-CGC-2-1	tRF-5'	132	0.016	0,1,2,3,4,5,6,7,8,9,10,11,12,13,14,15,
SRR12344554_trim_joined.fastq.hq_cs.mapped	Ala-TGC-8-1	tRF-5'	132	0.016	0,1,2,3,4,5,6,7,8,9,10,11,12,13,14,15,
SRR12344554_trim_joined.fastq.hq_cs.mapped	Ala-TGC-7-1	tRF-5'	132	0.016	0,1,2,3,4,5,6,7,8,9,10,11,12,13,14,15,
SRR12344554_trim_joined.fastq.hq_cs.mapped	Ala-TGC-1-1	tRF-5'	132	0.016	0,1,2,3,4,5,6,7,8,9,10,11,12,13,14,15,
SRR12344554_trim_joined.fastq.hq_cs.mapped	Ala-TGC-6-1	tRF-5'	132	0.016	0,1,2,3,4,5,6,7,8,9,10,11,12,13,14,15,
SRR12344554_trim_joined.fastq.hq_cs.mapped	Cys-GCA-6-1	tRF-5'	132	0.016	0,1,2,3,4,5,6,7,8,9,10,11,12,13,14,15,
SRR12344554_trim_joined.fastq.hq_cs.mapped	Ala-TGC-2-1	tRF-5'	132	0.016	0,1,2,3,4,5,6,7,8,9,10,11,12,13,14,15,
SRR12344554_trim_joined.fastq.hq_cs.mapped	Ala-TGC-5-1	tRF-5'	132	0.016	0,1,2,3,4,5,6,7,8,9,10,11,12,13,14,15,
SRR12344554_trim_joined.fastq.hq_cs.mapped	Ala-AGC-4-1	tRF-5'	132	0.016	0,1,2,3,4,5,6,7,8,9,10,11,12,13,14,15,
SRR12344554_trim_joined.fastq.hq_cs.mapped	Val-AAC-6-1	tRF-5'	132	0.016	0,1,2,3,4,5,6,7,8,9,10,11,12,13,14,15,
SRR12344554_trim_joined.fastq.hq_cs.mapped	Ala-TGC-4-1	tRF-5'	132	0.016	0,1,2,3,4,5,6,7,8,9,10,11,12,13,14,15,
SRR12344554_trim_joined.fastq.hq_cs.mapped	Ala-TGC-3-2	tRF-5'	132	0.016	0,1,2,3,4,5,6,7,8,9,10,11,12,13,14,15,
SRR12344554_trim_joined.fastq.hq_cs.mapped	Ala-CGC-1-1	tRF-5'	132	0.016	0,1,2,3,4,5,6,7,8,9,10,11,12,13,14,15,
SRR12344554_trim_joined.fastq.hq_cs.mapped	pre-Met-CAT-1-1	tRF-1B	129	0.016	105,106,107,108,109,110,111,112,113,114,115,116,117,118,119,120,121,
SRR12344554_trim_joined.fastq.hq_cs.mapped	Gly-CCC-3-1	tRF-DA	129	0.016	15,16,17,18,19,20,21,22,23,24,25,26,27,28,29,
SRR12344554_trim_joined.fastq.hq_cs.mapped	Leu-CAA-6-1	tRF-5'	126	0.015	0,1,2,3,4,5,6,7,8,9,10,11,12,13,14,15,
SRR12344554_trim_joined.fastq.hq_cs.mapped	Ile-AAT-11-1	tRF-T	118	0.014	43,44,45,46,47,48,49,50,51,52,53,54,55,56,
SRR12344554_trim_joined.fastq.hq_cs.mapped	Arg-TCG-4-1	tRF-A	112	0.014	24,25,26,27,28,29,30,31,32,33,34,35,36,37,
SRR12344554_trim_joined.fastq.hq_cs.mapped	Arg-TCG-5-1	tRF-A	112	0.014	24,25,26,27,28,29,30,31,32,33,34,35,36,37,
SRR12344554_trim_joined.fastq.hq_cs.mapped	Arg-TCG-2-1	tRF-A	112	0.014	24,25,26,27,28,29,30,31,32,33,34,35,36,37,
SRR12344554_trim_joined.fastq.hq_cs.mapped	Arg-TCG-6-1	tRF-A	112	0.014	24,25,26,27,28,29,30,31,32,33,34,35,36,37,
SRR12344554_trim_joined.fastq.hq_cs.mapped	Arg-CCG-1-3	tRF-A	112	0.014	24,25,26,27,28,29,30,31,32,33,34,35,36,37,
SRR12344554_trim_joined.fastq.hq_cs.mapped	Arg-TCG-3-1	tRF-A	112	0.014	24,25,26,27,28,29,30,31,32,33,34,35,36,37,
SRR12344554_trim_joined.fastq.hq_cs.mapped	Arg-TCG-1-1	tRF-A	112	0.014	24,25,26,27,28,29,30,31,32,33,34,35,36,37,
SRR12344554_trim_joined.fastq.hq_cs.mapped	Ser-GCT-5-1	tRF-3'	109	0.013	63,64,65,66,67,68,69,70,71,72,73,74,75,76,77,78,79,80,81,82,83,
SRR12344554_trim_joined.fastq.hq_cs.mapped	Ser-GCT-3-1	tRF-3'	109	0.013	63,64,65,66,67,68,69,70,71,72,73,74,75,76,77,78,79,80,81,82,83,
SRR12344554_trim_joined.fastq.hq_cs.mapped	Ser-GCT-6-1	tRF-3'	109	0.013	65,66,67,68,69,70,71,72,73,74,75,76,77,78,79,80,81,82,83,84,85,
SRR12344554_trim_joined.fastq.hq_cs.mapped	Ser-GCT-4-3	tRF-3'	109	0.013	63,64,65,66,67,68,69,70,71,72,73,74,75,76,77,78,79,80,81,82,83,
SRR12344554_trim_joined.fastq.hq_cs.mapped	tRNAName	Undefined	0	0.000	
