file	tRNA	species	counts	tRNAPer	locMajorityCovg
SRR12344555_trim_joined.fastq.hq_cs.mapped	Gly-GCC-2-6	tRH-5'	497002	67.731	0,1,2,3,4,5,6,7,8,9,10,11,12,13,14,15,16,17,18,19,20,21,22,23,24,25,26,27,28,29,
SRR12344555_trim_joined.fastq.hq_cs.mapped	Gly-GCC-3-1	tRH-5'	496430	67.731	0,1,2,3,4,5,6,7,8,9,10,11,12,13,14,15,16,17,18,19,20,21,22,23,24,25,26,27,28,29,
SRR12344555_trim_joined.fastq.hq_cs.mapped	Gly-GCC-5-1	tRH-5'	495866	67.716	0,1,2,3,4,5,6,7,8,9,10,11,12,13,14,15,16,17,18,19,20,21,22,23,24,25,26,27,28,29,
SRR12344555_trim_joined.fastq.hq_cs.mapped	Gly-CCC-1-2	tRH-5'	495367	67.631	0,1,2,3,4,5,6,7,8,9,10,11,12,13,14,15,16,17,18,19,20,21,22,23,24,25,26,27,28,29,
SRR12344555_trim_joined.fastq.hq_cs.mapped	Val-CAC-1-6	tRH-5'	133575	17.739	0,1,2,3,4,5,6,7,8,9,10,11,12,13,14,15,16,17,18,19,20,21,22,23,24,25,26,27,28,29,30,31,32,
SRR12344555_trim_joined.fastq.hq_cs.mapped	Val-CAC-5-1	tRH-5'	133575	17.739	0,1,2,3,4,5,6,7,8,9,10,11,12,13,14,15,16,17,18,19,20,21,22,23,24,25,26,27,28,29,30,31,32,
SRR12344555_trim_joined.fastq.hq_cs.mapped	Val-AAC-1-5	tRH-5'	133281	17.699	0,1,2,3,4,5,6,7,8,9,10,11,12,13,14,15,16,17,18,19,20,21,22,23,24,25,26,27,28,29,30,31,32,
SRR12344555_trim_joined.fastq.hq_cs.mapped	Val-AAC-4-1	tRH-5'	133281	17.699	0,1,2,3,4,5,6,7,8,9,10,11,12,13,14,15,16,17,18,19,20,21,22,23,24,25,26,27,28,29,30,31,32,
SRR12344555_trim_joined.fastq.hq_cs.mapped	Val-CAC-4-1	tRH-5'	129781	17.739	0,1,2,3,4,5,6,7,8,9,10,11,12,13,14,15,16,17,18,19,20,21,22,23,24,25,26,27,28,29,30,31,32,
SRR12344555_trim_joined.fastq.hq_cs.mapped	Val-AAC-3-1	tRH-5'	129487	17.699	0,1,2,3,4,5,6,7,8,9,10,11,12,13,14,15,16,17,18,19,20,21,22,23,24,25,26,27,28,29,30,31,32,
SRR12344555_trim_joined.fastq.hq_cs.mapped	Glu-CTC-1-7	tRH-5'	33800	4.597	0,1,2,3,4,5,6,7,8,9,10,11,12,13,14,15,16,17,18,19,20,21,22,23,24,25,26,27,28,29,30,31,
SRR12344555_trim_joined.fastq.hq_cs.mapped	Glu-CTC-2-1	tRH-5'	31812	4.348	0,1,2,3,4,5,6,7,8,9,10,11,12,13,14,15,16,17,18,19,20,21,22,23,24,25,26,27,28,29,30,31,
SRR12344555_trim_joined.fastq.hq_cs.mapped	Gly-GCC-1-5	tRH-5'	13411	1.833	0,1,2,3,4,5,6,7,8,9,10,11,12,13,14,15,16,17,18,19,20,21,22,23,24,25,26,27,28,29,
SRR12344555_trim_joined.fastq.hq_cs.mapped	Pro-AGG-1-1	Undefined	9177	0.825	0,1,2,3,4,5,6,7,8,9,10,11,12,13,14,15,16,17,18,19,20,21,22,23,24,25,26,27,28,
SRR12344555_trim_joined.fastq.hq_cs.mapped	Lys-TTT-3-5	tRH-5'	8441	1.107	0,1,2,3,4,5,6,7,8,9,10,11,12,13,14,15,16,17,18,19,20,21,22,23,24,25,26,27,28,29,30,31,
SRR12344555_trim_joined.fastq.hq_cs.mapped	Lys-TTT-5-1	tRH-5'	8329	1.107	0,1,2,3,4,5,6,7,8,9,10,11,12,13,14,15,16,17,18,19,20,21,22,23,24,25,26,27,28,29,30,31,
SRR12344555_trim_joined.fastq.hq_cs.mapped	iMet-CAT-1-8	tRH-5'	8149	1.114	0,1,2,3,4,5,6,7,8,9,10,11,12,13,14,15,16,17,18,19,20,21,22,23,24,25,26,27,28,29,30,
SRR12344555_trim_joined.fastq.hq_cs.mapped	iMet-CAT-2-1	tRH-5'	8149	1.114	0,1,2,3,4,5,6,7,8,9,10,11,12,13,14,15,16,17,18,19,20,21,22,23,24,25,26,27,28,29,30,
SRR12344555_trim_joined.fastq.hq_cs.mapped	Glu-TTC-9-1	tRH-5'	7469	1.021	0,1,2,3,4,5,6,7,8,9,10,11,12,13,14,15,16,17,18,19,20,21,22,23,24,25,26,27,28,
SRR12344555_trim_joined.fastq.hq_cs.mapped	Gly-CCC-6-1	tRH-5'	7357	1.006	0,1,2,3,4,5,6,7,8,9,10,11,12,13,14,15,16,17,18,19,20,21,22,23,24,25,26,27,28,
SRR12344555_trim_joined.fastq.hq_cs.mapped	Val-CAC-8-1	tRH-5'	7357	1.006	0,1,2,3,4,5,6,7,8,9,10,11,12,13,14,15,16,17,18,19,20,21,22,23,24,25,26,27,28,
SRR12344555_trim_joined.fastq.hq_cs.mapped	Pro-TGG-3-5	Undefined	7261	0.563	16,17,18,19,20,21,22,23,24,25,26,27,28,
SRR12344555_trim_joined.fastq.hq_cs.mapped	Pro-CGG-2-1	Undefined	7261	0.563	16,17,18,19,20,21,22,23,24,25,26,27,28,
SRR12344555_trim_joined.fastq.hq_cs.mapped	Pro-AGG-2-8	Undefined	7261	0.563	16,17,18,19,20,21,22,23,24,25,26,27,28,
SRR12344555_trim_joined.fastq.hq_cs.mapped	Pro-CGG-1-3	Undefined	7261	0.563	16,17,18,19,20,21,22,23,24,25,26,27,28,
SRR12344555_trim_joined.fastq.hq_cs.mapped	Lys-CTT-1-2	tRH-DA	5846	0.799	2,3,4,5,6,7,8,9,10,11,12,13,14,15,16,17,18,19,20,21,22,23,24,25,26,27,28,29,30,31,
SRR12344555_trim_joined.fastq.hq_cs.mapped	Lys-CTT-4-1	tRH-5'	5715	0.781	0,1,2,3,4,5,6,7,8,9,10,11,12,13,14,15,16,17,18,19,20,21,22,23,24,25,26,27,28,29,30,31,
SRR12344555_trim_joined.fastq.hq_cs.mapped	Val-CAC-2-1	tRH-5'	5054	0.669	0,1,2,3,4,5,6,7,8,9,10,11,12,13,14,15,16,17,18,19,20,21,22,23,24,25,26,27,28,29,30,31,32,
SRR12344555_trim_joined.fastq.hq_cs.mapped	Val-AAC-2-1	tRF-3'	4989	0.519	59,60,61,62,63,64,65,66,67,68,69,70,71,72,73,74,75,
SRR12344555_trim_joined.fastq.hq_cs.mapped	Pro-TGG-2-1	Undefined	4938	0.429	57,58,59,60,61,62,63,64,65,66,67,68,69,70,71,72,73,74,
SRR12344555_trim_joined.fastq.hq_cs.mapped	Arg-TCT-1-1	tRH-5'	4733	0.647	0,1,2,3,4,5,6,7,8,9,10,11,12,13,14,15,16,17,18,19,20,21,22,23,24,25,26,27,28,29,30,31,
SRR12344555_trim_joined.fastq.hq_cs.mapped	Pro-TGG-1-1	tRF-3'	3905	0.429	57,58,59,60,61,62,63,64,65,66,67,68,69,70,71,72,73,74,
SRR12344555_trim_joined.fastq.hq_cs.mapped	Pro-AGG-3-1	tRF-3'	3139	0.429	64,65,66,67,68,69,70,71,72,73,74,75,76,77,78,79,80,81,
SRR12344555_trim_joined.fastq.hq_cs.mapped	His-GTG-1-9	tRH-DA	2671	0.365	1,2,3,4,5,6,7,8,9,10,11,12,13,14,15,16,17,18,19,20,21,22,23,24,25,26,27,28,29,
SRR12344555_trim_joined.fastq.hq_cs.mapped	Lys-CTT-6-1	tRF-DA	2427	0.332	15,16,17,18,19,20,21,22,23,24,25,26,27,28,29,30,31,
SRR12344555_trim_joined.fastq.hq_cs.mapped	Trp-CCA-4-1	tRH-5'	2101	0.287	0,1,2,3,4,5,6,7,8,9,10,11,12,13,14,15,16,17,18,19,20,21,22,23,24,25,26,27,28,29,30,31,
SRR12344555_trim_joined.fastq.hq_cs.mapped	Trp-CCA-3-3	tRH-5'	2101	0.287	0,1,2,3,4,5,6,7,8,9,10,11,12,13,14,15,16,17,18,19,20,21,22,23,24,25,26,27,28,29,30,31,
SRR12344555_trim_joined.fastq.hq_cs.mapped	Arg-ACG-1-3	tRH-5'	1754	0.224	0,1,2,3,4,5,6,7,8,9,10,11,12,13,14,15,16,17,18,19,20,21,22,23,24,25,26,27,28,29,30,31,32,
SRR12344555_trim_joined.fastq.hq_cs.mapped	Arg-ACG-2-4	tRH-5'	1754	0.224	0,1,2,3,4,5,6,7,8,9,10,11,12,13,14,15,16,17,18,19,20,21,22,23,24,25,26,27,28,29,30,31,32,
SRR12344555_trim_joined.fastq.hq_cs.mapped	Gly-CCC-2-2	tRF-3'	1654	0.180	52,53,54,55,56,57,58,59,60,61,62,63,64,65,66,67,68,69,70,71,72,73,
SRR12344555_trim_joined.fastq.hq_cs.mapped	Gly-CCC-5-1	tRF-DA	1544	0.194	13,14,15,16,17,18,19,20,21,22,23,24,25,26,27,28,29,
SRR12344555_trim_joined.fastq.hq_cs.mapped	Glu-TTC-2-2	tRH-5'	1512	0.207	0,1,2,3,4,5,6,7,8,9,10,11,12,13,14,15,16,17,18,19,20,21,22,23,24,25,26,27,28,29,30,31,
SRR12344555_trim_joined.fastq.hq_cs.mapped	Lys-TTT-6-1	tRF-D	1173	0.160	13,14,15,16,17,18,19,20,21,22,23,24,25,26,27,
SRR12344555_trim_joined.fastq.hq_cs.mapped	Lys-TTT-4-1	tRF-D	1173	0.160	13,14,15,16,17,18,19,20,21,22,23,24,25,26,27,
SRR12344555_trim_joined.fastq.hq_cs.mapped	Glu-CTC-12-1	tRF-DA	1082	0.148	15,16,17,18,19,20,21,22,23,24,25,26,27,28,29,30,31,32,33,34,35,36,37,38,39,40,41,
SRR12344555_trim_joined.fastq.hq_cs.mapped	Cys-GCA-2-4	tRH-5'	1050	0.144	0,1,2,3,4,5,6,7,8,9,10,11,12,13,14,15,16,17,18,19,20,21,22,23,24,25,26,27,28,29,30,31,
SRR12344555_trim_joined.fastq.hq_cs.mapped	Cys-GCA-4-1	tRH-5'	1050	0.144	0,1,2,3,4,5,6,7,8,9,10,11,12,13,14,15,16,17,18,19,20,21,22,23,24,25,26,27,28,29,30,31,
SRR12344555_trim_joined.fastq.hq_cs.mapped	Leu-CAG-2-2	tRF-5'	980	0.102	0,1,2,3,4,5,6,7,8,9,10,11,12,13,14,15,16,17,18,19,20,21,22,23,24,25,
SRR12344555_trim_joined.fastq.hq_cs.mapped	Val-CAC-3-1	tRH-5'	941	0.103	0,1,2,3,4,5,6,7,8,9,10,11,12,13,14,15,16,17,18,19,20,21,22,23,24,25,26,27,28,29,30,31,32,
SRR12344555_trim_joined.fastq.hq_cs.mapped	Ala-AGC-8-2	tRF-DA	912	0.125	16,17,18,19,20,21,22,23,24,25,26,27,28,29,30,
SRR12344555_trim_joined.fastq.hq_cs.mapped	Ala-AGC-11-1	tRF-DA	912	0.125	16,17,18,19,20,21,22,23,24,25,26,27,28,29,30,
SRR12344555_trim_joined.fastq.hq_cs.mapped	Gly-CCC-4-1	tRF-DA	898	0.123	14,15,16,17,18,19,20,21,22,23,24,25,26,27,28,29,
SRR12344555_trim_joined.fastq.hq_cs.mapped	Leu-CAG-1-7	tRF-5'	867	0.102	0,1,2,3,4,5,6,7,8,9,10,11,12,13,14,15,16,17,18,19,20,21,22,23,24,25,
SRR12344555_trim_joined.fastq.hq_cs.mapped	Pro-TGG-4-1	tRF-DA	766	0.105	16,17,18,19,20,21,22,23,24,25,26,27,28,29,
SRR12344555_trim_joined.fastq.hq_cs.mapped	Val-TAC-4-1	tRH-5'	755	0.103	0,1,2,3,4,5,6,7,8,9,10,11,12,13,14,15,16,17,18,19,20,21,22,23,24,25,26,27,28,29,30,31,32,
SRR12344555_trim_joined.fastq.hq_cs.mapped	Lys-CTT-2-5	tRH-5'	679	0.093	0,1,2,3,4,5,6,7,8,9,10,11,12,13,14,15,16,17,18,19,20,21,22,23,24,25,26,27,28,29,30,31,
SRR12344555_trim_joined.fastq.hq_cs.mapped	Ala-AGC-15-1	tRF-DA	493	0.067	16,17,18,19,20,21,22,23,24,25,26,27,28,29,30,
SRR12344555_trim_joined.fastq.hq_cs.mapped	Lys-CTT-3-1	tRH-5'	478	0.065	0,1,2,3,4,5,6,7,8,9,10,11,12,13,14,15,16,17,18,19,20,21,22,23,24,25,26,27,28,29,30,31,
SRR12344555_trim_joined.fastq.hq_cs.mapped	Lys-CTT-16-1	tRF-DA	469	0.064	17,18,19,20,21,22,23,24,25,26,27,28,29,30,31,
SRR12344555_trim_joined.fastq.hq_cs.mapped	Gly-CCC-3-1	tRF-DA	440	0.060	15,16,17,18,19,20,21,22,23,24,25,26,27,28,29,
SRR12344555_trim_joined.fastq.hq_cs.mapped	Arg-CCT-4-1	tRF-D	432	0.059	15,16,17,18,19,20,21,22,23,24,25,26,27,28,
SRR12344555_trim_joined.fastq.hq_cs.mapped	Arg-CCT-3-1	tRF-D	432	0.059	15,16,17,18,19,20,21,22,23,24,25,26,27,28,
SRR12344555_trim_joined.fastq.hq_cs.mapped	Gln-CTG-1-5	tRF-AT	421	0.058	33,34,35,36,37,38,39,40,41,42,43,44,45,46,47,48,49,50,51,52,
SRR12344555_trim_joined.fastq.hq_cs.mapped	Gln-CTG-4-2	tRF-AT	421	0.058	33,34,35,36,37,38,39,40,41,42,43,44,45,46,47,48,49,50,51,52,
SRR12344555_trim_joined.fastq.hq_cs.mapped	Gln-CTG-2-1	tRF-AT	421	0.058	33,34,35,36,37,38,39,40,41,42,43,44,45,46,47,48,49,50,51,52,
SRR12344555_trim_joined.fastq.hq_cs.mapped	Gln-CTG-3-2	tRF-AT	421	0.058	33,34,35,36,37,38,39,40,41,42,43,44,45,46,47,48,49,50,51,52,
SRR12344555_trim_joined.fastq.hq_cs.mapped	Gln-CTG-6-1	tRF-AT	421	0.058	33,34,35,36,37,38,39,40,41,42,43,44,45,46,47,48,49,50,51,52,
SRR12344555_trim_joined.fastq.hq_cs.mapped	Ile-AAT-11-1	tRF-T	383	0.052	43,44,45,46,47,48,49,50,51,52,53,54,55,56,
SRR12344555_trim_joined.fastq.hq_cs.mapped	Ser-GCT-3-1	tRF-3'	349	0.048	63,64,65,66,67,68,69,70,71,72,73,74,75,76,77,78,79,80,81,82,83,84,
SRR12344555_trim_joined.fastq.hq_cs.mapped	Ser-GCT-4-3	tRF-3'	349	0.048	63,64,65,66,67,68,69,70,71,72,73,74,75,76,77,78,79,80,81,82,83,84,
SRR12344555_trim_joined.fastq.hq_cs.mapped	Ser-GCT-5-1	tRF-3'	349	0.048	63,64,65,66,67,68,69,70,71,72,73,74,75,76,77,78,79,80,81,82,83,84,
SRR12344555_trim_joined.fastq.hq_cs.mapped	Ser-GCT-6-1	tRF-3'	349	0.048	65,66,67,68,69,70,71,72,73,74,75,76,77,78,79,80,81,82,83,84,85,86,
SRR12344555_trim_joined.fastq.hq_cs.mapped	Ala-AGC-7-1	tRH-5'	324	0.044	0,1,2,3,4,5,6,7,8,9,10,11,12,13,14,15,16,17,18,19,20,21,22,23,24,25,26,27,28,29,
SRR12344555_trim_joined.fastq.hq_cs.mapped	Ala-AGC-5-1	tRH-5'	324	0.044	0,1,2,3,4,5,6,7,8,9,10,11,12,13,14,15,16,17,18,19,20,21,22,23,24,25,26,27,28,29,
SRR12344555_trim_joined.fastq.hq_cs.mapped	Ala-CGC-4-1	tRH-5'	324	0.044	0,1,2,3,4,5,6,7,8,9,10,11,12,13,14,15,16,17,18,19,20,21,22,23,24,25,26,27,28,29,
SRR12344555_trim_joined.fastq.hq_cs.mapped	Ala-AGC-3-1	tRH-5'	324	0.044	0,1,2,3,4,5,6,7,8,9,10,11,12,13,14,15,16,17,18,19,20,21,22,23,24,25,26,27,28,29,
SRR12344555_trim_joined.fastq.hq_cs.mapped	Ala-AGC-2-2	tRH-5'	324	0.044	0,1,2,3,4,5,6,7,8,9,10,11,12,13,14,15,16,17,18,19,20,21,22,23,24,25,26,27,28,29,
SRR12344555_trim_joined.fastq.hq_cs.mapped	Glu-TTC-1-2	tRH-5'	280	0.038	0,1,2,3,4,5,6,7,8,9,10,11,12,13,14,15,16,17,18,19,20,21,22,23,24,25,26,27,28,29,30,31,
SRR12344555_trim_joined.fastq.hq_cs.mapped	Ser-AGA-2-6	Undefined	240	0.017	67,68,69,70,71,72,73,74,75,76,77,78,79,80,81,82,83,84,
SRR12344555_trim_joined.fastq.hq_cs.mapped	Ser-TGA-2-1	Undefined	240	0.017	67,68,69,70,71,72,73,74,75,76,77,78,79,80,81,82,83,84,
SRR12344555_trim_joined.fastq.hq_cs.mapped	Ser-AGA-3-1	Undefined	240	0.017	67,68,69,70,71,72,73,74,75,76,77,78,79,80,81,82,83,84,
SRR12344555_trim_joined.fastq.hq_cs.mapped	Ser-TGA-3-1	Undefined	240	0.017	67,68,69,70,71,72,73,74,75,76,77,78,79,80,81,82,83,84,
SRR12344555_trim_joined.fastq.hq_cs.mapped	Ser-AGA-1-1	Undefined	240	0.017	67,68,69,70,71,72,73,74,75,76,77,78,79,80,81,82,83,84,
SRR12344555_trim_joined.fastq.hq_cs.mapped	Ser-AGA-4-1	Undefined	240	0.017	67,68,69,70,71,72,73,74,75,76,77,78,79,80,81,82,83,84,
SRR12344555_trim_joined.fastq.hq_cs.mapped	Phe-GAA-1-6	tRH-5'	223	0.030	0,1,2,3,4,5,6,7,8,9,10,11,12,13,14,15,16,17,18,19,20,21,22,23,24,25,26,27,28,29,30,31,32,
SRR12344555_trim_joined.fastq.hq_cs.mapped	Phe-GAA-2-1	tRH-5'	223	0.030	0,1,2,3,4,5,6,7,8,9,10,11,12,13,14,15,16,17,18,19,20,21,22,23,24,25,26,27,28,29,30,31,32,
SRR12344555_trim_joined.fastq.hq_cs.mapped	Arg-CCT-2-1	tRF-D	220	0.030	11,12,13,14,15,16,17,18,19,20,21,22,23,24,25,26,27,28,
SRR12344555_trim_joined.fastq.hq_cs.mapped	Arg-CCT-1-1	tRF-D	220	0.030	11,12,13,14,15,16,17,18,19,20,21,22,23,24,25,26,27,28,
SRR12344555_trim_joined.fastq.hq_cs.mapped	Lys-TTT-10-1	tRF-A	216	0.030	23,24,25,26,27,28,29,30,31,32,33,34,35,36,37,
SRR12344555_trim_joined.fastq.hq_cs.mapped	Lys-TTT-1-1	tRF-A	216	0.030	23,24,25,26,27,28,29,30,31,32,33,34,35,36,37,
SRR12344555_trim_joined.fastq.hq_cs.mapped	Lys-TTT-11-1	tRF-A	216	0.030	23,24,25,26,27,28,29,30,31,32,33,34,35,36,37,
SRR12344555_trim_joined.fastq.hq_cs.mapped	Lys-TTT-8-1	tRF-A	216	0.030	23,24,25,26,27,28,29,30,31,32,33,34,35,36,37,
SRR12344555_trim_joined.fastq.hq_cs.mapped	Lys-TTT-2-1	tRF-A	216	0.030	23,24,25,26,27,28,29,30,31,32,33,34,35,36,37,
SRR12344555_trim_joined.fastq.hq_cs.mapped	Lys-TTT-12-1	tRF-A	216	0.030	23,24,25,26,27,28,29,30,31,32,33,34,35,36,37,
SRR12344555_trim_joined.fastq.hq_cs.mapped	Lys-TTT-14-1	tRF-A	216	0.030	23,24,25,26,27,28,29,30,31,32,33,34,35,36,37,
SRR12344555_trim_joined.fastq.hq_cs.mapped	Val-AAC-5-1	tRF-5'	209	0.029	0,1,2,3,4,5,6,7,8,9,10,11,12,13,14,15,16,17,18,19,20,21,22,
SRR12344555_trim_joined.fastq.hq_cs.mapped	Trp-CCA-2-1	tRH-5'	207	0.028	0,1,2,3,4,5,6,7,8,9,10,11,12,13,14,15,16,17,18,19,20,21,22,23,24,25,26,27,28,29,30,31,
SRR12344555_trim_joined.fastq.hq_cs.mapped	Val-TAC-1-2	tRH-5'	186	0.025	0,1,2,3,4,5,6,7,8,9,10,11,12,13,14,15,16,17,18,19,20,21,22,23,24,25,26,27,28,29,30,
SRR12344555_trim_joined.fastq.hq_cs.mapped	Thr-CGT-6-1	tRF-DA	173	0.024	15,16,17,18,19,20,21,22,23,24,25,26,27,28,29,30,
SRR12344555_trim_joined.fastq.hq_cs.mapped	Phe-GAA-9-1	tRF-3'	170	0.023	49,50,51,52,53,54,55,56,57,58,59,60,61,62,63,64,65,66,67,68,69,70,71,72,
SRR12344555_trim_joined.fastq.hq_cs.mapped	Phe-GAA-10-1	tRF-3'	170	0.023	49,50,51,52,53,54,55,56,57,58,59,60,61,62,63,64,65,66,67,68,69,70,71,72,
SRR12344555_trim_joined.fastq.hq_cs.mapped	Glu-TTC-4-2	tRF-3'	170	0.023	49,50,51,52,53,54,55,56,57,58,59,60,61,62,63,64,65,66,67,68,69,70,71,72,
SRR12344555_trim_joined.fastq.hq_cs.mapped	Cys-GCA-11-1	tRF-5'	142	0.019	0,1,2,3,4,5,6,7,8,9,10,11,12,13,14,15,
SRR12344555_trim_joined.fastq.hq_cs.mapped	Glu-CTC-15-1	tRF-DA	141	0.019	15,16,17,18,19,20,21,22,23,24,25,26,27,28,29,
SRR12344555_trim_joined.fastq.hq_cs.mapped	Glu-CTC-16-1	tRF-3'	139	0.019	60,61,62,63,64,65,66,67,68,69,70,71,72,73,
SRR12344555_trim_joined.fastq.hq_cs.mapped	Leu-CAA-6-1	tRF-5'	132	0.018	0,1,2,3,4,5,6,7,8,9,10,11,12,13,14,15,
SRR12344555_trim_joined.fastq.hq_cs.mapped	Asp-GTC-4-1	tRF-A	115	0.016	31,32,33,34,35,36,37,38,39,40,41,42,43,44,45,
SRR12344555_trim_joined.fastq.hq_cs.mapped	Asp-GTC-2-11	tRF-A	115	0.016	31,32,33,34,35,36,37,38,39,40,41,42,43,44,45,
SRR12344555_trim_joined.fastq.hq_cs.mapped	Asp-GTC-3-1	tRF-A	115	0.016	31,32,33,34,35,36,37,38,39,40,41,42,43,44,45,
SRR12344555_trim_joined.fastq.hq_cs.mapped	Asp-GTC-7-1	tRF-A	115	0.016	31,32,33,34,35,36,37,38,39,40,41,42,43,44,45,
SRR12344555_trim_joined.fastq.hq_cs.mapped	Ser-TGA-4-1	tRF-5'	115	0.016	0,1,2,3,4,5,6,7,8,9,10,11,12,13,14,
SRR12344555_trim_joined.fastq.hq_cs.mapped	Asp-GTC-1-1	tRF-A	115	0.016	31,32,33,34,35,36,37,38,39,40,41,42,43,44,45,
SRR12344555_trim_joined.fastq.hq_cs.mapped	Asp-GTC-5-1	tRF-A	115	0.016	31,32,33,34,35,36,37,38,39,40,41,42,43,44,45,
SRR12344555_trim_joined.fastq.hq_cs.mapped	Leu-CAA-2-1	tRF-3'	113	0.015	69,70,71,72,73,74,75,76,77,78,79,80,81,82,83,84,85,86,
SRR12344555_trim_joined.fastq.hq_cs.mapped	Leu-CAA-1-2	tRF-3'	113	0.015	68,69,70,71,72,73,74,75,76,77,78,79,80,81,82,83,84,85,
SRR12344555_trim_joined.fastq.hq_cs.mapped	Leu-CAA-3-1	tRF-3'	113	0.015	69,70,71,72,73,74,75,76,77,78,79,80,81,82,83,84,85,86,
SRR12344555_trim_joined.fastq.hq_cs.mapped	Leu-CAA-4-1	tRF-3'	113	0.015	69,70,71,72,73,74,75,76,77,78,79,80,81,82,83,84,85,86,
SRR12344555_trim_joined.fastq.hq_cs.mapped	Ala-TGC-6-1	tRF-5'	102	0.014	0,1,2,3,4,5,6,7,8,9,10,11,12,13,14,15,
SRR12344555_trim_joined.fastq.hq_cs.mapped	Ala-TGC-4-1	tRF-5'	102	0.014	0,1,2,3,4,5,6,7,8,9,10,11,12,13,14,15,
SRR12344555_trim_joined.fastq.hq_cs.mapped	Ala-TGC-8-1	tRF-5'	102	0.014	0,1,2,3,4,5,6,7,8,9,10,11,12,13,14,15,
SRR12344555_trim_joined.fastq.hq_cs.mapped	Cys-GCA-6-1	tRF-5'	102	0.014	0,1,2,3,4,5,6,7,8,9,10,11,12,13,14,15,
SRR12344555_trim_joined.fastq.hq_cs.mapped	Ala-AGC-4-1	tRF-5'	102	0.014	0,1,2,3,4,5,6,7,8,9,10,11,12,13,14,15,
SRR12344555_trim_joined.fastq.hq_cs.mapped	Ala-CGC-3-1	tRF-5'	102	0.014	0,1,2,3,4,5,6,7,8,9,10,11,12,13,14,15,
SRR12344555_trim_joined.fastq.hq_cs.mapped	Ala-CGC-2-1	tRF-5'	102	0.014	0,1,2,3,4,5,6,7,8,9,10,11,12,13,14,15,
SRR12344555_trim_joined.fastq.hq_cs.mapped	Ala-TGC-5-1	tRF-5'	102	0.014	0,1,2,3,4,5,6,7,8,9,10,11,12,13,14,15,
SRR12344555_trim_joined.fastq.hq_cs.mapped	Ala-TGC-3-2	tRF-5'	102	0.014	0,1,2,3,4,5,6,7,8,9,10,11,12,13,14,15,
SRR12344555_trim_joined.fastq.hq_cs.mapped	Ala-TGC-2-1	tRF-5'	102	0.014	0,1,2,3,4,5,6,7,8,9,10,11,12,13,14,15,
SRR12344555_trim_joined.fastq.hq_cs.mapped	Ala-TGC-1-1	tRF-5'	102	0.014	0,1,2,3,4,5,6,7,8,9,10,11,12,13,14,15,
SRR12344555_trim_joined.fastq.hq_cs.mapped	Ala-CGC-1-1	tRF-5'	102	0.014	0,1,2,3,4,5,6,7,8,9,10,11,12,13,14,15,
SRR12344555_trim_joined.fastq.hq_cs.mapped	Val-AAC-6-1	tRF-5'	102	0.014	0,1,2,3,4,5,6,7,8,9,10,11,12,13,14,15,
SRR12344555_trim_joined.fastq.hq_cs.mapped	Ala-TGC-7-1	tRF-5'	102	0.014	0,1,2,3,4,5,6,7,8,9,10,11,12,13,14,15,
SRR12344555_trim_joined.fastq.hq_cs.mapped	pre-Met-CAT-1-1	tRF-1B	101	0.014	105,106,107,108,109,110,111,112,113,114,115,116,117,118,119,120,121,
SRR12344555_trim_joined.fastq.hq_cs.mapped	tRNAName	Undefined	0	0.000	
