file	tRNA	species	counts	tRNAPer	locMajorityCovg
SRR12344553_trim_joined.fastq.hq_cs.mapped	Gly-GCC-2-6	tRH-5'	606408	91.691	0,1,2,3,4,5,6,7,8,9,10,11,12,13,14,15,16,17,18,19,20,21,22,23,24,25,26,27,28,29,
SRR12344553_trim_joined.fastq.hq_cs.mapped	Gly-GCC-3-1	tRH-5'	606156	91.691	0,1,2,3,4,5,6,7,8,9,10,11,12,13,14,15,16,17,18,19,20,21,22,23,24,25,26,27,28,29,
SRR12344553_trim_joined.fastq.hq_cs.mapped	Gly-GCC-5-1	tRH-5'	606156	91.691	0,1,2,3,4,5,6,7,8,9,10,11,12,13,14,15,16,17,18,19,20,21,22,23,24,25,26,27,28,29,
SRR12344553_trim_joined.fastq.hq_cs.mapped	Gly-CCC-1-2	tRH-5'	605765	91.632	0,1,2,3,4,5,6,7,8,9,10,11,12,13,14,15,16,17,18,19,20,21,22,23,24,25,26,27,28,29,
SRR12344553_trim_joined.fastq.hq_cs.mapped	Val-CAC-5-1	tRH-5'	23634	3.422	0,1,2,3,4,5,6,7,8,9,10,11,12,13,14,15,16,17,18,19,20,21,22,23,24,25,26,27,28,29,30,31,32,
SRR12344553_trim_joined.fastq.hq_cs.mapped	Val-CAC-1-6	tRH-5'	23634	3.422	0,1,2,3,4,5,6,7,8,9,10,11,12,13,14,15,16,17,18,19,20,21,22,23,24,25,26,27,28,29,30,31,32,
SRR12344553_trim_joined.fastq.hq_cs.mapped	Val-AAC-4-1	tRH-5'	23306	3.372	0,1,2,3,4,5,6,7,8,9,10,11,12,13,14,15,16,17,18,19,20,21,22,23,24,25,26,27,28,29,30,31,32,
SRR12344553_trim_joined.fastq.hq_cs.mapped	Val-AAC-1-5	tRH-5'	23306	3.372	0,1,2,3,4,5,6,7,8,9,10,11,12,13,14,15,16,17,18,19,20,21,22,23,24,25,26,27,28,29,30,31,32,
SRR12344553_trim_joined.fastq.hq_cs.mapped	Val-CAC-4-1	tRH-5'	22616	3.422	0,1,2,3,4,5,6,7,8,9,10,11,12,13,14,15,16,17,18,19,20,21,22,23,24,25,26,27,28,29,30,31,32,
SRR12344553_trim_joined.fastq.hq_cs.mapped	Val-AAC-3-1	tRH-5'	22288	3.372	0,1,2,3,4,5,6,7,8,9,10,11,12,13,14,15,16,17,18,19,20,21,22,23,24,25,26,27,28,29,30,31,32,
SRR12344553_trim_joined.fastq.hq_cs.mapped	Gly-GCC-1-5	tRH-5'	9966	1.508	0,1,2,3,4,5,6,7,8,9,10,11,12,13,14,15,16,17,18,19,20,21,22,23,24,25,26,27,
SRR12344553_trim_joined.fastq.hq_cs.mapped	Glu-CTC-1-7	tRH-5'	8929	1.351	0,1,2,3,4,5,6,7,8,9,10,11,12,13,14,15,16,17,18,19,20,21,22,23,24,25,26,27,28,29,30,31,
SRR12344553_trim_joined.fastq.hq_cs.mapped	Glu-CTC-2-1	tRH-5'	8654	1.309	0,1,2,3,4,5,6,7,8,9,10,11,12,13,14,15,16,17,18,19,20,21,22,23,24,25,26,27,28,29,30,31,
SRR12344553_trim_joined.fastq.hq_cs.mapped	Glu-TTC-9-1	tRH-5'	6856	1.037	0,1,2,3,4,5,6,7,8,9,10,11,12,13,14,15,16,17,18,19,20,21,22,23,24,25,26,27,
SRR12344553_trim_joined.fastq.hq_cs.mapped	Gly-CCC-6-1	tRH-5'	6824	1.032	0,1,2,3,4,5,6,7,8,9,10,11,12,13,14,15,16,17,18,19,20,21,22,23,24,25,26,27,
SRR12344553_trim_joined.fastq.hq_cs.mapped	Val-CAC-8-1	tRH-5'	6824	1.032	0,1,2,3,4,5,6,7,8,9,10,11,12,13,14,15,16,17,18,19,20,21,22,23,24,25,26,27,
SRR12344553_trim_joined.fastq.hq_cs.mapped	iMet-CAT-1-8	tRH-5'	3928	0.594	0,1,2,3,4,5,6,7,8,9,10,11,12,13,14,15,16,17,18,19,20,21,22,23,24,25,26,27,28,29,30,
SRR12344553_trim_joined.fastq.hq_cs.mapped	iMet-CAT-2-1	tRH-5'	3928	0.594	0,1,2,3,4,5,6,7,8,9,10,11,12,13,14,15,16,17,18,19,20,21,22,23,24,25,26,27,28,29,30,
SRR12344553_trim_joined.fastq.hq_cs.mapped	Lys-TTT-5-1	tRH-5'	3819	0.578	0,1,2,3,4,5,6,7,8,9,10,11,12,13,14,15,16,17,18,19,20,21,22,23,24,25,26,27,28,29,30,31,
SRR12344553_trim_joined.fastq.hq_cs.mapped	Lys-TTT-3-5	tRH-5'	3819	0.578	0,1,2,3,4,5,6,7,8,9,10,11,12,13,14,15,16,17,18,19,20,21,22,23,24,25,26,27,28,29,30,31,
SRR12344553_trim_joined.fastq.hq_cs.mapped	Pro-AGG-1-1	tRH-5'	2300	0.269	0,1,2,3,4,5,6,7,8,9,10,11,12,13,14,15,16,17,18,19,20,21,22,23,24,25,26,27,
SRR12344553_trim_joined.fastq.hq_cs.mapped	Lys-CTT-4-1	tRH-5'	1880	0.284	0,1,2,3,4,5,6,7,8,9,10,11,12,13,14,15,16,17,18,19,20,21,22,23,24,25,26,27,28,29,30,31,
SRR12344553_trim_joined.fastq.hq_cs.mapped	Lys-CTT-1-2	tRH-5'	1880	0.284	0,1,2,3,4,5,6,7,8,9,10,11,12,13,14,15,16,17,18,19,20,21,22,23,24,25,26,27,28,29,30,31,
SRR12344553_trim_joined.fastq.hq_cs.mapped	Val-AAC-2-1	Undefined	1523	0.154	59,60,61,62,63,64,65,66,67,68,69,70,71,72,73,74,75,
SRR12344553_trim_joined.fastq.hq_cs.mapped	Pro-CGG-2-1	Undefined	1383	0.131	0,1,2,3,4,5,6,7,8,9,10,11,12,13,14,15,16,17,18,19,20,21,22,23,24,25,26,27,28,
SRR12344553_trim_joined.fastq.hq_cs.mapped	Pro-TGG-3-5	Undefined	1383	0.131	0,1,2,3,4,5,6,7,8,9,10,11,12,13,14,15,16,17,18,19,20,21,22,23,24,25,26,27,28,
SRR12344553_trim_joined.fastq.hq_cs.mapped	Pro-AGG-2-8	Undefined	1383	0.131	0,1,2,3,4,5,6,7,8,9,10,11,12,13,14,15,16,17,18,19,20,21,22,23,24,25,26,27,28,
SRR12344553_trim_joined.fastq.hq_cs.mapped	Pro-CGG-1-3	Undefined	1383	0.131	0,1,2,3,4,5,6,7,8,9,10,11,12,13,14,15,16,17,18,19,20,21,22,23,24,25,26,27,28,
SRR12344553_trim_joined.fastq.hq_cs.mapped	His-GTG-1-9	tRH-DA	914	0.138	1,2,3,4,5,6,7,8,9,10,11,12,13,14,15,16,17,18,19,20,21,22,23,24,25,26,27,28,29,
SRR12344553_trim_joined.fastq.hq_cs.mapped	Pro-TGG-2-1	Undefined	902	0.079	57,58,59,60,61,62,63,64,65,66,67,68,69,70,71,72,73,74,
SRR12344553_trim_joined.fastq.hq_cs.mapped	Lys-CTT-6-1	tRF-DA	888	0.134	15,16,17,18,19,20,21,22,23,24,25,26,27,28,29,30,31,
SRR12344553_trim_joined.fastq.hq_cs.mapped	Val-CAC-2-1	tRH-5'	870	0.132	0,1,2,3,4,5,6,7,8,9,10,11,12,13,14,15,16,17,18,19,20,21,22,23,24,25,26,27,28,29,30,31,32,
SRR12344553_trim_joined.fastq.hq_cs.mapped	Gly-CCC-2-2	Undefined	723	0.068	52,53,54,55,56,57,58,59,60,61,62,63,64,65,66,67,68,69,70,71,72,73,
SRR12344553_trim_joined.fastq.hq_cs.mapped	Pro-TGG-1-1	tRF-3'	662	0.079	57,58,59,60,61,62,63,64,65,66,67,68,69,70,71,72,73,74,
SRR12344553_trim_joined.fastq.hq_cs.mapped	Leu-CAG-1-7	tRF-5'	583	0.088	0,1,2,3,4,5,6,7,8,9,10,11,12,13,14,15,16,17,18,19,20,21,22,23,24,25,
SRR12344553_trim_joined.fastq.hq_cs.mapped	Leu-CAG-2-2	tRF-5'	583	0.088	0,1,2,3,4,5,6,7,8,9,10,11,12,13,14,15,16,17,18,19,20,21,22,23,24,25,
SRR12344553_trim_joined.fastq.hq_cs.mapped	Pro-AGG-3-1	tRF-3'	519	0.079	64,65,66,67,68,69,70,71,72,73,74,75,76,77,78,79,80,81,
SRR12344553_trim_joined.fastq.hq_cs.mapped	Ala-AGC-11-1	tRF-DA	434	0.066	16,17,18,19,20,21,22,23,24,25,26,27,28,29,30,
SRR12344553_trim_joined.fastq.hq_cs.mapped	Ala-AGC-8-2	tRF-DA	434	0.066	16,17,18,19,20,21,22,23,24,25,26,27,28,29,30,
SRR12344553_trim_joined.fastq.hq_cs.mapped	Lys-TTT-6-1	tRF-D	421	0.064	12,13,14,15,16,17,18,19,20,21,22,23,24,25,26,27,
SRR12344553_trim_joined.fastq.hq_cs.mapped	Lys-TTT-4-1	tRF-D	421	0.064	12,13,14,15,16,17,18,19,20,21,22,23,24,25,26,27,
SRR12344553_trim_joined.fastq.hq_cs.mapped	Glu-TTC-2-2	tRH-5'	373	0.056	0,1,2,3,4,5,6,7,8,9,10,11,12,13,14,15,16,17,18,19,20,21,22,23,24,25,26,27,28,29,30,31,
SRR12344553_trim_joined.fastq.hq_cs.mapped	Gly-CCC-5-1	tRF-DA	351	0.053	12,13,14,15,16,17,18,19,20,21,22,23,24,25,26,27,28,29,
SRR12344553_trim_joined.fastq.hq_cs.mapped	Glu-CTC-12-1	tRF-DA	345	0.052	15,16,17,18,19,20,21,22,23,24,25,26,27,28,29,30,31,32,33,34,35,36,37,38,39,40,41,
SRR12344553_trim_joined.fastq.hq_cs.mapped	Gln-CTG-1-5	tRF-AT	311	0.047	33,34,35,36,37,38,39,40,41,42,43,44,45,46,47,48,49,50,51,52,
SRR12344553_trim_joined.fastq.hq_cs.mapped	Gln-CTG-3-2	tRF-AT	311	0.047	33,34,35,36,37,38,39,40,41,42,43,44,45,46,47,48,49,50,51,52,
SRR12344553_trim_joined.fastq.hq_cs.mapped	Gln-CTG-4-2	tRF-AT	311	0.047	33,34,35,36,37,38,39,40,41,42,43,44,45,46,47,48,49,50,51,52,
SRR12344553_trim_joined.fastq.hq_cs.mapped	Gln-CTG-2-1	tRF-AT	311	0.047	33,34,35,36,37,38,39,40,41,42,43,44,45,46,47,48,49,50,51,52,
SRR12344553_trim_joined.fastq.hq_cs.mapped	Gln-CTG-6-1	tRF-AT	311	0.047	33,34,35,36,37,38,39,40,41,42,43,44,45,46,47,48,49,50,51,52,
SRR12344553_trim_joined.fastq.hq_cs.mapped	Arg-TCT-1-1	tRH-5'	246	0.037	0,1,2,3,4,5,6,7,8,9,10,11,12,13,14,15,16,17,18,19,20,21,22,23,24,25,26,27,28,29,30,31,
SRR12344553_trim_joined.fastq.hq_cs.mapped	Ala-AGC-15-1	tRF-DA	224	0.034	16,17,18,19,20,21,22,23,24,25,26,27,28,29,30,
SRR12344553_trim_joined.fastq.hq_cs.mapped	Ile-AAT-11-1	tRF-T	202	0.031	43,44,45,46,47,48,49,50,51,52,53,54,55,56,
SRR12344553_trim_joined.fastq.hq_cs.mapped	Lys-CTT-16-1	tRF-DA	184	0.028	17,18,19,20,21,22,23,24,25,26,27,28,29,30,31,
SRR12344553_trim_joined.fastq.hq_cs.mapped	Arg-CCT-1-1	tRF-D	183	0.028	11,12,13,14,15,16,17,18,19,20,21,22,23,24,25,26,27,28,
SRR12344553_trim_joined.fastq.hq_cs.mapped	Arg-CCT-2-1	tRF-D	183	0.028	11,12,13,14,15,16,17,18,19,20,21,22,23,24,25,26,27,28,
SRR12344553_trim_joined.fastq.hq_cs.mapped	Val-CAC-3-1	tRH-5'	161	0.024	0,1,2,3,4,5,6,7,8,9,10,11,12,13,14,15,16,17,18,19,20,21,22,23,24,25,26,27,28,29,30,31,32,
SRR12344553_trim_joined.fastq.hq_cs.mapped	Val-TAC-4-1	tRH-5'	161	0.024	0,1,2,3,4,5,6,7,8,9,10,11,12,13,14,15,16,17,18,19,20,21,22,23,24,25,26,27,28,29,30,31,32,
SRR12344553_trim_joined.fastq.hq_cs.mapped	Lys-CTT-2-5	tRH-5'	156	0.024	0,1,2,3,4,5,6,7,8,9,10,11,12,13,14,15,16,17,18,19,20,21,22,23,24,25,26,27,28,29,30,31,
SRR12344553_trim_joined.fastq.hq_cs.mapped	Lys-CTT-3-1	tRH-5'	156	0.024	0,1,2,3,4,5,6,7,8,9,10,11,12,13,14,15,16,17,18,19,20,21,22,23,24,25,26,27,28,29,30,31,
SRR12344553_trim_joined.fastq.hq_cs.mapped	Cys-GCA-2-4	tRH-5'	155	0.023	0,1,2,3,4,5,6,7,8,9,10,11,12,13,14,15,16,17,18,19,20,21,22,23,24,25,26,27,28,29,30,31,
SRR12344553_trim_joined.fastq.hq_cs.mapped	Cys-GCA-4-1	tRH-5'	155	0.023	0,1,2,3,4,5,6,7,8,9,10,11,12,13,14,15,16,17,18,19,20,21,22,23,24,25,26,27,28,29,30,31,
SRR12344553_trim_joined.fastq.hq_cs.mapped	Thr-CGT-6-1	tRF-DA	146	0.022	15,16,17,18,19,20,21,22,23,24,25,26,27,28,29,30,
SRR12344553_trim_joined.fastq.hq_cs.mapped	Pro-TGG-4-1	tRF-DA	143	0.022	16,17,18,19,20,21,22,23,24,25,26,27,28,29,
SRR12344553_trim_joined.fastq.hq_cs.mapped	Cys-GCA-11-1	tRF-5'	136	0.021	0,1,2,3,4,5,6,7,8,9,10,11,12,13,14,15,
SRR12344553_trim_joined.fastq.hq_cs.mapped	Ala-AGC-5-1	tRH-5'	111	0.017	0,1,2,3,4,5,6,7,8,9,10,11,12,13,14,15,16,17,18,19,20,21,22,23,24,25,26,27,28,29,
SRR12344553_trim_joined.fastq.hq_cs.mapped	Ala-CGC-4-1	tRH-5'	111	0.017	0,1,2,3,4,5,6,7,8,9,10,11,12,13,14,15,16,17,18,19,20,21,22,23,24,25,26,27,28,29,
SRR12344553_trim_joined.fastq.hq_cs.mapped	Ala-AGC-7-1	tRH-5'	111	0.017	0,1,2,3,4,5,6,7,8,9,10,11,12,13,14,15,16,17,18,19,20,21,22,23,24,25,26,27,28,29,
SRR12344553_trim_joined.fastq.hq_cs.mapped	Ala-AGC-2-2	tRH-5'	111	0.017	0,1,2,3,4,5,6,7,8,9,10,11,12,13,14,15,16,17,18,19,20,21,22,23,24,25,26,27,28,29,
SRR12344553_trim_joined.fastq.hq_cs.mapped	Ala-AGC-3-1	tRH-5'	111	0.017	0,1,2,3,4,5,6,7,8,9,10,11,12,13,14,15,16,17,18,19,20,21,22,23,24,25,26,27,28,29,
SRR12344553_trim_joined.fastq.hq_cs.mapped	Gly-CCC-3-1	tRF-DA	110	0.017	15,16,17,18,19,20,21,22,23,24,25,26,27,28,29,
SRR12344553_trim_joined.fastq.hq_cs.mapped	Gly-CCC-4-1	tRF-DA	110	0.017	15,16,17,18,19,20,21,22,23,24,25,26,27,28,29,
SRR12344553_trim_joined.fastq.hq_cs.mapped	Ala-CGC-3-1	tRH-5'	109	0.016	0,1,2,3,4,5,6,7,8,9,10,11,12,13,14,15,16,17,18,19,20,21,22,23,24,25,26,27,
SRR12344553_trim_joined.fastq.hq_cs.mapped	Glu-CTC-9-1	tRF-5'	105	0.016	0,1,2,3,4,5,6,7,8,9,10,11,12,13,14,
SRR12344553_trim_joined.fastq.hq_cs.mapped	tRNAName	Undefined	0	0.000	
