file	tRNA	species	counts	tRNAPer	locMajorityCovg
SRR12344556_trim_joined.fastq.hq_cs.mapped	Gly-GCC-2-6	tRH-5'	708455	94.654	0,1,2,3,4,5,6,7,8,9,10,11,12,13,14,15,16,17,18,19,20,21,22,23,24,25,26,27,28,29,
SRR12344556_trim_joined.fastq.hq_cs.mapped	Gly-GCC-5-1	tRH-5'	708455	94.654	0,1,2,3,4,5,6,7,8,9,10,11,12,13,14,15,16,17,18,19,20,21,22,23,24,25,26,27,28,29,
SRR12344556_trim_joined.fastq.hq_cs.mapped	Gly-GCC-3-1	tRH-5'	708455	94.654	0,1,2,3,4,5,6,7,8,9,10,11,12,13,14,15,16,17,18,19,20,21,22,23,24,25,26,27,28,29,
SRR12344556_trim_joined.fastq.hq_cs.mapped	Gly-CCC-1-2	tRH-5'	708139	94.612	0,1,2,3,4,5,6,7,8,9,10,11,12,13,14,15,16,17,18,19,20,21,22,23,24,25,26,27,28,29,
SRR12344556_trim_joined.fastq.hq_cs.mapped	Gly-GCC-1-5	tRH-5'	18332	2.449	0,1,2,3,4,5,6,7,8,9,10,11,12,13,14,15,16,17,18,19,20,21,22,23,24,25,26,27,28,29,
SRR12344556_trim_joined.fastq.hq_cs.mapped	Val-CAC-5-1	tRH-5'	9360	1.139	0,1,2,3,4,5,6,7,8,9,10,11,12,13,14,15,16,17,18,19,20,21,22,23,24,25,26,27,28,29,30,31,32,
SRR12344556_trim_joined.fastq.hq_cs.mapped	Val-CAC-1-6	tRH-5'	9360	1.139	0,1,2,3,4,5,6,7,8,9,10,11,12,13,14,15,16,17,18,19,20,21,22,23,24,25,26,27,28,29,30,31,32,
SRR12344556_trim_joined.fastq.hq_cs.mapped	Val-AAC-1-5	tRH-5'	9142	1.110	0,1,2,3,4,5,6,7,8,9,10,11,12,13,14,15,16,17,18,19,20,21,22,23,24,25,26,27,28,29,30,31,32,
SRR12344556_trim_joined.fastq.hq_cs.mapped	Val-AAC-4-1	tRH-5'	9142	1.110	0,1,2,3,4,5,6,7,8,9,10,11,12,13,14,15,16,17,18,19,20,21,22,23,24,25,26,27,28,29,30,31,32,
SRR12344556_trim_joined.fastq.hq_cs.mapped	Glu-TTC-9-1	tRH-5'	8959	1.197	0,1,2,3,4,5,6,7,8,9,10,11,12,13,14,15,16,17,18,19,20,21,22,23,24,25,26,27,
SRR12344556_trim_joined.fastq.hq_cs.mapped	Gly-CCC-6-1	tRH-5'	8757	1.170	0,1,2,3,4,5,6,7,8,9,10,11,12,13,14,15,16,17,18,19,20,21,22,23,24,25,26,27,
SRR12344556_trim_joined.fastq.hq_cs.mapped	Val-CAC-8-1	tRH-5'	8757	1.170	0,1,2,3,4,5,6,7,8,9,10,11,12,13,14,15,16,17,18,19,20,21,22,23,24,25,26,27,
SRR12344556_trim_joined.fastq.hq_cs.mapped	Val-CAC-4-1	tRH-5'	8523	1.139	0,1,2,3,4,5,6,7,8,9,10,11,12,13,14,15,16,17,18,19,20,21,22,23,24,25,26,27,28,29,30,31,32,
SRR12344556_trim_joined.fastq.hq_cs.mapped	Val-AAC-3-1	tRH-5'	8305	1.110	0,1,2,3,4,5,6,7,8,9,10,11,12,13,14,15,16,17,18,19,20,21,22,23,24,25,26,27,28,29,30,31,32,
SRR12344556_trim_joined.fastq.hq_cs.mapped	Glu-CTC-1-7	tRH-5'	7067	0.944	0,1,2,3,4,5,6,7,8,9,10,11,12,13,14,15,16,17,18,19,20,21,22,23,24,25,26,27,28,29,30,31,
SRR12344556_trim_joined.fastq.hq_cs.mapped	Glu-CTC-2-1	tRH-5'	6803	0.909	0,1,2,3,4,5,6,7,8,9,10,11,12,13,14,15,16,17,18,19,20,21,22,23,24,25,26,27,28,29,30,31,
SRR12344556_trim_joined.fastq.hq_cs.mapped	Lys-TTT-5-1	tRH-5'	3928	0.525	0,1,2,3,4,5,6,7,8,9,10,11,12,13,14,15,16,17,18,19,20,21,22,23,24,25,26,27,28,29,30,31,
SRR12344556_trim_joined.fastq.hq_cs.mapped	Lys-TTT-3-5	tRH-5'	3928	0.525	0,1,2,3,4,5,6,7,8,9,10,11,12,13,14,15,16,17,18,19,20,21,22,23,24,25,26,27,28,29,30,31,
SRR12344556_trim_joined.fastq.hq_cs.mapped	iMet-CAT-2-1	tRH-5'	2228	0.298	0,1,2,3,4,5,6,7,8,9,10,11,12,13,14,15,16,17,18,19,20,21,22,23,24,25,26,27,28,29,30,
SRR12344556_trim_joined.fastq.hq_cs.mapped	iMet-CAT-1-8	tRH-5'	2228	0.298	0,1,2,3,4,5,6,7,8,9,10,11,12,13,14,15,16,17,18,19,20,21,22,23,24,25,26,27,28,29,30,
SRR12344556_trim_joined.fastq.hq_cs.mapped	Pro-AGG-1-1	tRH-5'	1809	0.223	0,1,2,3,4,5,6,7,8,9,10,11,12,13,14,15,16,17,18,19,20,21,22,23,24,25,26,27,28,
SRR12344556_trim_joined.fastq.hq_cs.mapped	Val-AAC-2-1	tRF-3'	1188	0.112	59,60,61,62,63,64,65,66,67,68,69,70,71,72,73,74,75,
SRR12344556_trim_joined.fastq.hq_cs.mapped	Pro-CGG-2-1	tRH-5'	993	0.114	0,1,2,3,4,5,6,7,8,9,10,11,12,13,14,15,16,17,18,19,20,21,22,23,24,25,26,27,28,29,
SRR12344556_trim_joined.fastq.hq_cs.mapped	Pro-AGG-2-8	tRH-5'	993	0.114	0,1,2,3,4,5,6,7,8,9,10,11,12,13,14,15,16,17,18,19,20,21,22,23,24,25,26,27,28,29,
SRR12344556_trim_joined.fastq.hq_cs.mapped	Pro-CGG-1-3	tRH-5'	993	0.114	0,1,2,3,4,5,6,7,8,9,10,11,12,13,14,15,16,17,18,19,20,21,22,23,24,25,26,27,28,29,
SRR12344556_trim_joined.fastq.hq_cs.mapped	Pro-TGG-3-5	tRH-5'	993	0.114	0,1,2,3,4,5,6,7,8,9,10,11,12,13,14,15,16,17,18,19,20,21,22,23,24,25,26,27,28,29,
SRR12344556_trim_joined.fastq.hq_cs.mapped	His-GTG-1-9	tRH-DA	933	0.125	1,2,3,4,5,6,7,8,9,10,11,12,13,14,15,16,17,18,19,20,21,22,23,24,25,26,27,28,29,
SRR12344556_trim_joined.fastq.hq_cs.mapped	Lys-CTT-4-1	tRF-DA	788	0.105	13,14,15,16,17,18,19,20,21,22,23,24,25,26,27,28,29,30,31,
SRR12344556_trim_joined.fastq.hq_cs.mapped	Lys-CTT-1-2	tRF-DA	788	0.105	13,14,15,16,17,18,19,20,21,22,23,24,25,26,27,28,29,30,31,
SRR12344556_trim_joined.fastq.hq_cs.mapped	Lys-TTT-6-1	tRF-D	532	0.071	13,14,15,16,17,18,19,20,21,22,23,24,25,26,27,
SRR12344556_trim_joined.fastq.hq_cs.mapped	Lys-TTT-4-1	tRF-D	532	0.071	13,14,15,16,17,18,19,20,21,22,23,24,25,26,27,
SRR12344556_trim_joined.fastq.hq_cs.mapped	Lys-CTT-6-1	tRF-DA	494	0.066	14,15,16,17,18,19,20,21,22,23,24,25,26,27,28,29,30,31,
SRR12344556_trim_joined.fastq.hq_cs.mapped	Leu-CAG-2-2	tRF-5'	417	0.056	0,1,2,3,4,5,6,7,8,9,10,11,12,13,14,15,16,17,18,19,20,21,22,23,24,25,
SRR12344556_trim_joined.fastq.hq_cs.mapped	Leu-CAG-1-7	tRF-5'	417	0.056	0,1,2,3,4,5,6,7,8,9,10,11,12,13,14,15,16,17,18,19,20,21,22,23,24,25,
SRR12344556_trim_joined.fastq.hq_cs.mapped	Ala-AGC-8-2	tRF-DA	316	0.042	16,17,18,19,20,21,22,23,24,25,26,27,28,29,30,
SRR12344556_trim_joined.fastq.hq_cs.mapped	Ala-AGC-11-1	tRF-DA	316	0.042	16,17,18,19,20,21,22,23,24,25,26,27,28,29,30,
SRR12344556_trim_joined.fastq.hq_cs.mapped	Ala-CGC-3-1	tRH-5'	304	0.041	0,1,2,3,4,5,6,7,8,9,10,11,12,13,14,15,16,17,18,19,20,21,22,23,24,25,26,27,
SRR12344556_trim_joined.fastq.hq_cs.mapped	Pro-TGG-2-1	Undefined	294	0.021	0,1,2,3,4,5,6,7,8,9,10,11,12,13,14,15,16,17,18,19,20,21,22,23,24,25,26,27,
SRR12344556_trim_joined.fastq.hq_cs.mapped	Val-CAC-2-1	tRH-5'	274	0.037	0,1,2,3,4,5,6,7,8,9,10,11,12,13,14,15,16,17,18,19,20,21,22,23,24,25,26,27,28,29,30,31,32,
SRR12344556_trim_joined.fastq.hq_cs.mapped	Arg-CCT-2-1	tRF-D	273	0.036	11,12,13,14,15,16,17,18,19,20,21,22,23,24,25,26,27,28,
SRR12344556_trim_joined.fastq.hq_cs.mapped	Arg-CCT-1-1	tRF-D	273	0.036	11,12,13,14,15,16,17,18,19,20,21,22,23,24,25,26,27,28,
SRR12344556_trim_joined.fastq.hq_cs.mapped	Lys-TTT-12-1	tRF-A	261	0.035	23,24,25,26,27,28,29,30,31,32,33,34,35,36,37,
SRR12344556_trim_joined.fastq.hq_cs.mapped	Lys-TTT-10-1	tRF-A	261	0.035	23,24,25,26,27,28,29,30,31,32,33,34,35,36,37,
SRR12344556_trim_joined.fastq.hq_cs.mapped	Lys-TTT-14-1	tRF-A	261	0.035	23,24,25,26,27,28,29,30,31,32,33,34,35,36,37,
SRR12344556_trim_joined.fastq.hq_cs.mapped	Lys-TTT-2-1	tRF-A	261	0.035	23,24,25,26,27,28,29,30,31,32,33,34,35,36,37,
SRR12344556_trim_joined.fastq.hq_cs.mapped	Lys-TTT-1-1	tRF-A	261	0.035	23,24,25,26,27,28,29,30,31,32,33,34,35,36,37,
SRR12344556_trim_joined.fastq.hq_cs.mapped	Lys-TTT-8-1	tRF-A	261	0.035	23,24,25,26,27,28,29,30,31,32,33,34,35,36,37,
SRR12344556_trim_joined.fastq.hq_cs.mapped	Lys-TTT-11-1	tRF-A	261	0.035	23,24,25,26,27,28,29,30,31,32,33,34,35,36,37,
SRR12344556_trim_joined.fastq.hq_cs.mapped	Pro-TGG-1-1	Undefined	257	0.019	57,58,59,60,61,62,63,64,65,66,67,68,69,70,71,72,73,74,
SRR12344556_trim_joined.fastq.hq_cs.mapped	Glu-TTC-2-2	tRH-5'	253	0.034	0,1,2,3,4,5,6,7,8,9,10,11,12,13,14,15,16,17,18,19,20,21,22,23,24,25,26,27,28,29,30,31,
SRR12344556_trim_joined.fastq.hq_cs.mapped	Ala-AGC-5-1	tRH-5'	230	0.031	0,1,2,3,4,5,6,7,8,9,10,11,12,13,14,15,16,17,18,19,20,21,22,23,24,25,26,27,28,29,
SRR12344556_trim_joined.fastq.hq_cs.mapped	Ala-AGC-3-1	tRH-5'	230	0.031	0,1,2,3,4,5,6,7,8,9,10,11,12,13,14,15,16,17,18,19,20,21,22,23,24,25,26,27,28,29,
SRR12344556_trim_joined.fastq.hq_cs.mapped	Ala-AGC-7-1	tRH-5'	230	0.031	0,1,2,3,4,5,6,7,8,9,10,11,12,13,14,15,16,17,18,19,20,21,22,23,24,25,26,27,28,29,
SRR12344556_trim_joined.fastq.hq_cs.mapped	Ala-AGC-2-2	tRH-5'	230	0.031	0,1,2,3,4,5,6,7,8,9,10,11,12,13,14,15,16,17,18,19,20,21,22,23,24,25,26,27,28,29,
SRR12344556_trim_joined.fastq.hq_cs.mapped	Ala-CGC-4-1	tRH-5'	230	0.031	0,1,2,3,4,5,6,7,8,9,10,11,12,13,14,15,16,17,18,19,20,21,22,23,24,25,26,27,28,29,
SRR12344556_trim_joined.fastq.hq_cs.mapped	Glu-CTC-12-1	tRF-DA	218	0.029	15,16,17,18,19,20,21,22,23,24,25,26,27,28,29,30,31,32,33,34,35,36,37,38,39,40,41,
SRR12344556_trim_joined.fastq.hq_cs.mapped	Cys-GCA-11-1	tRF-5'	214	0.029	0,1,2,3,4,5,6,7,8,9,10,11,12,13,14,15,
SRR12344556_trim_joined.fastq.hq_cs.mapped	Gly-CCC-5-1	tRF-DA	196	0.026	12,13,14,15,16,17,18,19,20,21,22,23,24,25,26,27,28,29,
SRR12344556_trim_joined.fastq.hq_cs.mapped	Gln-CTG-1-5	tRF-AT	171	0.023	33,34,35,36,37,38,39,40,41,42,43,44,45,46,47,48,49,50,51,52,
SRR12344556_trim_joined.fastq.hq_cs.mapped	Gln-CTG-3-2	tRF-AT	171	0.023	33,34,35,36,37,38,39,40,41,42,43,44,45,46,47,48,49,50,51,52,
SRR12344556_trim_joined.fastq.hq_cs.mapped	Glu-CTC-9-1	tRF-5'	171	0.023	0,1,2,3,4,5,6,7,8,9,10,11,12,13,14,
SRR12344556_trim_joined.fastq.hq_cs.mapped	Gln-CTG-4-2	tRF-AT	171	0.023	33,34,35,36,37,38,39,40,41,42,43,44,45,46,47,48,49,50,51,52,
SRR12344556_trim_joined.fastq.hq_cs.mapped	Gln-CTG-2-1	tRF-AT	171	0.023	33,34,35,36,37,38,39,40,41,42,43,44,45,46,47,48,49,50,51,52,
SRR12344556_trim_joined.fastq.hq_cs.mapped	Gln-CTG-6-1	tRF-AT	171	0.023	33,34,35,36,37,38,39,40,41,42,43,44,45,46,47,48,49,50,51,52,
SRR12344556_trim_joined.fastq.hq_cs.mapped	Ala-AGC-15-1	tRF-DA	164	0.022	16,17,18,19,20,21,22,23,24,25,26,27,28,29,30,
SRR12344556_trim_joined.fastq.hq_cs.mapped	Thr-CGT-6-1	tRF-DA	149	0.020	15,16,17,18,19,20,21,22,23,24,25,26,27,28,29,30,
SRR12344556_trim_joined.fastq.hq_cs.mapped	Pro-AGG-3-1	tRF-3'	140	0.019	64,65,66,67,68,69,70,71,72,73,74,75,76,77,78,79,80,81,
SRR12344556_trim_joined.fastq.hq_cs.mapped	Gly-CCC-2-2	tRF-3'	122	0.016	52,53,54,55,56,57,58,59,60,61,62,63,64,65,66,67,68,69,70,71,72,73,
SRR12344556_trim_joined.fastq.hq_cs.mapped	Pro-TGG-4-1	tRF-DA	117	0.016	16,17,18,19,20,21,22,23,24,25,26,27,28,29,
SRR12344556_trim_joined.fastq.hq_cs.mapped	Ser-GCT-1-1	tRF-3'	108	0.014	64,65,66,67,68,69,70,71,72,73,74,75,76,77,78,79,80,81,82,83,84,
SRR12344556_trim_joined.fastq.hq_cs.mapped	Ala-TGC-1-1	tRF-5'	106	0.014	0,1,2,3,4,5,6,7,8,9,10,11,12,13,14,15,
SRR12344556_trim_joined.fastq.hq_cs.mapped	Ala-CGC-2-1	tRF-5'	106	0.014	0,1,2,3,4,5,6,7,8,9,10,11,12,13,14,15,
SRR12344556_trim_joined.fastq.hq_cs.mapped	Ala-TGC-3-2	tRF-5'	106	0.014	0,1,2,3,4,5,6,7,8,9,10,11,12,13,14,15,
SRR12344556_trim_joined.fastq.hq_cs.mapped	Ala-TGC-6-1	tRF-5'	106	0.014	0,1,2,3,4,5,6,7,8,9,10,11,12,13,14,15,
SRR12344556_trim_joined.fastq.hq_cs.mapped	Cys-GCA-6-1	tRF-5'	106	0.014	0,1,2,3,4,5,6,7,8,9,10,11,12,13,14,15,
SRR12344556_trim_joined.fastq.hq_cs.mapped	Ala-CGC-1-1	tRF-5'	106	0.014	0,1,2,3,4,5,6,7,8,9,10,11,12,13,14,15,
SRR12344556_trim_joined.fastq.hq_cs.mapped	Ala-AGC-4-1	tRF-5'	106	0.014	0,1,2,3,4,5,6,7,8,9,10,11,12,13,14,15,
SRR12344556_trim_joined.fastq.hq_cs.mapped	Ala-TGC-8-1	tRF-5'	106	0.014	0,1,2,3,4,5,6,7,8,9,10,11,12,13,14,15,
SRR12344556_trim_joined.fastq.hq_cs.mapped	Ala-TGC-7-1	tRF-5'	106	0.014	0,1,2,3,4,5,6,7,8,9,10,11,12,13,14,15,
SRR12344556_trim_joined.fastq.hq_cs.mapped	Val-AAC-6-1	tRF-5'	106	0.014	0,1,2,3,4,5,6,7,8,9,10,11,12,13,14,15,
SRR12344556_trim_joined.fastq.hq_cs.mapped	Ala-TGC-4-1	tRF-5'	106	0.014	0,1,2,3,4,5,6,7,8,9,10,11,12,13,14,15,
SRR12344556_trim_joined.fastq.hq_cs.mapped	Ala-TGC-5-1	tRF-5'	106	0.014	0,1,2,3,4,5,6,7,8,9,10,11,12,13,14,15,
SRR12344556_trim_joined.fastq.hq_cs.mapped	Ala-TGC-2-1	tRF-5'	106	0.014	0,1,2,3,4,5,6,7,8,9,10,11,12,13,14,15,
SRR12344556_trim_joined.fastq.hq_cs.mapped	tRNAName	Undefined	0	0.000	
